50
0.019401244819164276
0.019482426811009645
0.018294941168278456
0.01793433539569378
0.018918420188128948
0.018808122724294662
0.018471822142601013
0.018560458905994892
0.018787533976137638
0.0181612609885633
100
0.020167721901088953
0.018861121963709593
0.018407451920211315
0.018037097994238138
0.01810921262949705
0.01777065871283412
0.018714898731559515
0.018930763006210327
0.01880218181759119
0.01881232112646103
150
0.021129393950104713
0.01932364981621504
0.019358395133167505
0.01884059375151992
0.018880479037761688
0.018798205070197582
0.0197183801792562
0.01790581177920103
0.018456964753568172
0.020281304139643908
200
0.018880388233810663
0.018221512902528048
0.018104373943060637
0.017877358943223953
0.017988687846809626
0.017978128045797348
0.018306472804397345
0.01839645067229867
0.018017291091382504
0.017917643766850233
250
0.02054420718923211
0.01929060695692897
0.018928708974272013
0.018742599990218878
0.0185926491394639
0.018433451186865568
0.018656409345567226
0.018659535329788923
0.01857855310663581
0.01801509689539671
300
0.02005347702652216
0.018702204804867506
0.018889063969254494
0.0187360979616642
0.018383316695690155
0.018753651063889265
0.018095817882567644
0.017976064234972
0.018027400132268667
0.018017651978880167
350
0.02167777204886079
0.020027839113026857
0.019034237135201693
0.01883685728535056
0.018639456946402788
0.01806861674413085
0.01906350115314126
0.019195429049432278
0.018673361279070377
0.018482421990484
400
0.022381802089512348
0.02106982236728072
0.021047119982540607
0.01920238183811307
0.01832706108689308
0.01813301770016551
0.018226822838187218
0.01835608622059226
0.01819340093061328
0.018110386095941067
450
0.021005151327699423
0.019227839075028896
0.018449600785970688
0.01813634391874075
0.018246781080961227
0.018329004757106304
0.018214600160717964
0.01819475321099162
0.018185606226325035
0.018251068890094757
500
0.020267989952117205
0.01835574582219124
0.018345606047660112
0.021269817370921373
0.020675452891737223
0.01977907307446003
0.01882980391383171
0.01908433111384511
0.019046639557927847
0.0189213864505291
550
0.020339112728834152
0.020136733073741198
0.01960174087435007
0.01906883204355836
0.01885698502883315
0.01874951273202896
0.01846324698999524
0.018927075900137424
0.019180050119757652
0.01848914474248886
600
0.02017945423722267
0.02054786356166005
0.019426272250711918
0.0194471413269639
0.019400914199650288
0.018981628585606813
0.01895760279148817
0.019724640995264053
0.01958840573206544
0.018764000851660967
650
0.021053702104836702
0.019586883019655943
0.019185750745236874
0.01974534895271063
0.01921893283724785
0.01923930086195469
0.018547243904322386
0.018747810274362564
0.018481811974197626
0.01972268708050251
700
0.019740290008485317
0.021643287036567926
0.018732442054897547
0.01846146397292614
0.018672017846256495
0.018512218724936247
0.018513360060751438
0.018556431867182255
0.018567372113466263
0.01866439264267683
750
0.021225474309176207
0.018588371109217405
0.01854995870962739
0.020483754109591246
0.018913531210273504
0.01857488602399826
0.01863284409046173
0.01866773981601
0.01869086315855384
0.018865501042455435
800
0.02185333101078868
0.020178401842713356
0.019367421977221966
0.018968213815242052
0.01900707557797432
0.018983260728418827
0.01980560226365924
0.019396865740418434
0.019516150001436472
0.020150339230895042
850
0.02077433792874217
0.020551661029458046
0.020180044695734978
0.01934744417667389
0.018754132091999054
0.018775271717458963
0.01871219277381897
0.018762839026749134
0.020955958869308233
0.018702195025980473
900
0.02152609685435891
0.018774039577692747
0.01885428884997964
0.018687767907977104
0.018757638055831194
0.01871617091819644
0.01872896496206522
0.018912527710199356
0.019061468075960875
0.02094074012711644
950
0.020625889766961336
0.019020050298422575
0.01879771426320076
0.01882404275238514
0.02092902921140194
0.019267283845692873
0.01911738282069564
0.018930832855403423
0.019024900160729885
0.018737510312348604
1000
0.021531347185373306
0.0189121481962502
0.018924151081591845
0.01892118528485298
0.018918409943580627
0.018997306935489178
0.018891678657382727
0.01886509032920003
0.018842116929590702
0.018865580670535564
