50
0.07457035128027201
0.07921253191307187
0.07888649217784405
0.07292782329022884
0.0832266672514379
0.07809207169339061
0.07530161179602146
0.08134096208959818
0.07904539024457335
0.07899142801761627
100
0.08521107584238052
0.0825043129734695
0.08484828611835837
0.08284264709800482
0.08474576380103827
0.08621370512992144
0.08966886205598712
0.0929309162311256
0.08619919791817665
0.08734426368027925
150
0.09124607779085636
0.09041499020531774
0.09612556407228112
0.09626871207728982
0.09916501119732857
0.09188000578433275
0.09202598873525858
0.0904375733807683
0.09687925595790148
0.0970843113027513
200
0.10191423399373889
0.10493818204849958
0.10432826913893223
0.09807849396020174
0.0972198536619544
0.10338608268648386
0.099079430103302
0.09986398136243224
0.11250984435901046
0.09910052036866546
250
0.11305915331467986
0.10936721414327621
0.1055348003283143
0.1067192810587585
0.10802661115303636
0.11434461316093802
0.10727144498378038
0.10791506106033921
0.11255207285284996
0.12224942911416292
300
0.1251891190186143
0.1192183280363679
0.11370355216786265
0.11894350312650204
0.12879966665059328
0.12133238976821303
0.11330993426963687
0.11636519990861416
0.11615961464121938
0.12010269612073898
350
0.12326125614345074
0.12331689009442925
0.1281262650154531
0.12340368190780282
0.12290802365168929
0.12305133230984211
0.12548606609925628
0.13128367299214005
0.12989687407389283
0.13005208456888795
400
0.13002510322257876
0.1336235892958939
0.1259770062752068
0.1402430161833763
0.13906293408945203
0.1374328387901187
0.1321707759052515
0.14197130594402552
0.1315147657878697
0.1337829171679914
450
0.1443587397225201
0.15836937073618174
0.1494518369436264
0.14797054044902325
0.1438313010148704
0.13659194204956293
0.1358467759564519
0.1474405461922288
0.1448269379325211
0.13765225978568196
500
0.14547259733080864
0.1454894789494574
0.14745996287092566
0.14756911667063832
0.15874097822234035
0.15339328395202756
0.1502305562607944
0.14988778391852975
0.15259279403835535
0.15031318087130785
550
0.16696167597547174
0.17545703984797
0.15807446790859103
0.15232372004538774
0.17131110886111856
0.16243765596300364
0.15600287495180964
0.1802186337299645
0.1683077891357243
0.15562291396781802
600
0.18970099790021777
0.17758470820263028
0.17039443086832762
0.17141713807359338
0.17515823896974325
0.1776953348889947
0.18041074415668845
0.18008516496047378
0.17344729229807854
0.19159203208982944
650
0.18904404575005174
0.1868727570399642
0.18163175275549293
0.1835265439003706
0.17895391397178173
0.18546456703916192
0.19141692528501153
0.18597007496282458
0.1906149205751717
0.19364241603761911
700
0.21748910285532475
0.19289159774780273
0.20295042172074318
0.18548024678602815
0.1996674076654017
0.20007728692144156
0.18122888775542378
0.204007713124156
0.20420838985592127
0.18841166095808148
750
0.2199856722727418
0.19943668600171804
0.22191034024581313
0.21431216830387712
0.19588357722386718
0.20367909781634808
0.20029397262260318
0.19255540892481804
0.2677577440626919
0.20306775206699967
800
0.21276191202923656
0.22030275594443083
0.21648989990353584
0.20941586093977094
0.2215337441302836
0.20888537587597966
0.2048677857965231
0.2259141937829554
0.2136796317063272
0.20827659498900175
850
0.22235115617513657
0.21923967404291034
0.2246704427525401
0.24312402214854956
0.22905173478648067
0.2333509037271142
0.2383871329948306
0.22407052898779511
0.20832587778568268
0.22805310413241386
900
0.23097491031512618
0.25375388702377677
0.2409328338690102
0.22605987777933478
0.25999833131209016
0.24183785123750567
0.21918980032205582
0.22358604101464152
0.25986257661134005
0.22331302938982844
950
0.2754234620369971
0.24853840004652739
0.24554451880976558
0.23537013912573457
0.260543922893703
0.2346321251243353
0.23203488672152162
0.2265487238764763
0.2604692932218313
0.23510205605998635
1000
0.27145107788965106
0.24542692815884948
0.2446452029980719
0.2453772551380098
0.2440974465571344
0.2410391140729189
0.24717325204983354
0.24403347726911306
0.24401702592149377
0.25543870497494936
