50
0.003314071800559759
0.003163460176438093
0.002858187071979046
0.0028463145717978477
0.0029067881405353546
0.0026021981611847878
0.00272323377430439
0.002706552855670452
0.002683830913156271
0.0026167850010097027
100
0.004217464942485094
0.004277887754142284
0.0041601769626140594
0.004186426755040884
0.004278149455785751
0.004279941786080599
0.004923698958009481
0.0040657008066773415
0.004080608021467924
0.004005859140306711
150
0.005510658957064152
0.00562176713719964
0.006045641843229532
0.00547921983525157
0.005542980041354895
0.005614163354039192
0.005559941288083792
0.005506271030753851
0.005520157050341368
0.005574398208409548
200
0.006907857954502106
0.0077096507884562016
0.007174286991357803
0.007197209633886814
0.007713207043707371
0.008277765940874815
0.007211938034743071
0.007904425729066133
0.0076545970514416695
0.007443943060934544
250
0.009439594112336636
0.009384078904986382
0.009352320339530706
0.009902901947498322
0.009517088066786528
0.009933640249073505
0.010362884029746056
0.009748312178999186
0.01046705897897482
0.009281946811825037
300
0.010535838082432747
0.010593996848911047
0.010132682975381613
0.010130127891898155
0.010275650769472122
0.01048853900283575
0.010161336045712233
0.01029328303411603
0.01034542080014944
0.010337666142731905
350
0.012885491829365492
0.012271231040358543
0.01191515289247036
0.01229178998619318
0.012121490202844143
0.012782257981598377
0.012601349037140608
0.012223070953041315
0.012409899849444628
0.012779783923178911
400
0.01431321818381548
0.013726378325372934
0.014255921356379986
0.01357827102765441
0.014139321632683277
0.014301545917987823
0.01383893983438611
0.014916658867150545
0.013872342184185982
0.013729173690080643
450
0.0170008959248662
0.015506955794990063
0.014592149760574102
0.014607499819248915
0.01446534413844347
0.014513983856886625
0.014753974042832851
0.014895298983901739
0.014573817141354084
0.01465007895603776
500
0.01590409968048334
0.016264496371150017
0.016298409085720778
0.016090399120002985
0.016020318027585745
0.01714300224557519
0.0159103418700397
0.017197654116898775
0.015820473432540894
0.016111598815768957
550
0.01930969301611185
0.018771234899759293
0.018511426635086536
0.01830340689048171
0.01891971193253994
0.019636626355350018
0.018625660799443722
0.01882621692493558
0.019733147229999304
0.022300608921796083
600
0.02139378897845745
0.020159415900707245
0.021028906106948853
0.02053180430084467
0.019999937154352665
0.020488321781158447
0.019322277046740055
0.01906848093494773
0.01901236642152071
0.019055176991969347
650
0.022438728250563145
0.02070676162838936
0.021133702248334885
0.020633825100958347
0.020532696042209864
0.02224914263933897
0.02024381421506405
0.020236008800566196
0.020488221663981676
0.020602476317435503
700
0.02429714100435376
0.021835106890648603
0.021875882986932993
0.022069986909627914
0.021984916646033525
0.02374135982245207
0.022276444360613823
0.022018210031092167
0.022729584015905857
0.02290158625692129
750
0.026796736754477024
0.02445454616099596
0.02400422329083085
0.02357241278514266
0.023770665284246206
0.023412553127855062
0.023599313106387854
0.02333289384841919
0.02366968523710966
0.023328747134655714
800
0.026970732025802135
0.02551728766411543
0.024790176190435886
0.02483431901782751
0.024948683101683855
0.02478123875334859
0.025334797333925962
0.02487713936716318
0.02515131328254938
0.02483870694413781
850
0.02867716085165739
0.028336061630398035
0.026356311049312353
0.026454726234078407
0.02614411385729909
0.026173508260399103
0.02620468707755208
0.026133493054658175
0.026073270943015814
0.026324952021241188
900
0.030529513023793697
0.027740116231143475
0.0279922466725111
0.02768840827047825
0.027450292371213436
0.02757880324497819
0.027581748086959124
0.027647020760923624
0.027454590424895287
0.02762520918622613
950
0.03148791939020157
0.029572458937764168
0.02925114706158638
0.02910812897607684
0.032326340675354004
0.029950537718832493
0.029726387932896614
0.02950111636891961
0.029461060650646687
0.029714184813201427
1000
0.03404261823743582
0.032196647953242064
0.030644187703728676
0.030822322238236666
0.03114396519958973
0.030925354920327663
0.030700534116476774
0.030926847830414772
0.030821461230516434
0.030637586023658514
