50
0.05311383493244648
0.04739191010594368
0.04793233284726739
0.05211939103901386
0.04723053704947233
0.047013781033456326
0.046257924288511276
0.04986225999891758
0.04790582321584225
0.046027321834117174
100
0.07418869622051716
0.06972638191655278
0.06916014105081558
0.07025680597871542
0.06961944187059999
0.06863054912537336
0.06857986329123378
0.07145766774192452
0.06907200580462813
0.06885507004335523
150
0.10872220480814576
0.10982955992221832
0.11069437116384506
0.10932927206158638
0.10813319077715278
0.11579209566116333
0.10895647387951612
0.11522954236716032
0.11016739392653108
0.10875695012509823
200
0.177332014311105
0.16620503831654787
0.16698362678289413
0.16700812289491296
0.166117194108665
0.16562816686928272
0.16947335377335548
0.1669471887871623
0.1668391157872975
0.16666624322533607
250
0.2592398589476943
0.24186159623786807
0.2421291172504425
0.24517917493358254
0.24142718221992254
0.24165324494242668
0.24152451381087303
0.2489940351806581
0.24235688522458076
0.25202022725716233
300
0.36234917398542166
0.34318413212895393
0.36220348067581654
0.34717906918376684
0.3418963272124529
0.36112707341089845
0.35153752844780684
0.36799439415335655
0.3593184626661241
0.34605957102030516
350
0.49424468306824565
0.4764343900606036
0.46647987188771367
0.4767169700935483
0.48591655399650335
0.47677128156647086
0.48306402703747153
0.46748432517051697
0.46684447582811117
0.46601762576028705
400
0.647181352134794
0.6174074257723987
0.6113603310659528
0.6225574188865721
0.623511706944555
0.6162194982171059
0.6260437220335007
0.6166413202881813
0.6233587409369648
0.6208633836358786
450
0.8431518534198403
0.833500511944294
0.8031292748637497
0.7975143110379577
0.7952007451094687
0.8125725360587239
0.7964998087845743
0.7878406499512494
0.8069597850553691
0.7969784666784108
500
1.007064525038004
1.0340999602340162
1.053786929231137
1.048362772911787
0.9962338637560606
0.9856578609906137
1.0316271651536226
0.9931521387770772
1.0042952853254974
1.0117947519756854
550
1.2797363218851388
1.2235181583091617
1.2086326479911804
1.2148870909586549
1.2620829241350293
1.211986054200679
1.2165198121219873
1.2192535158246756
1.2120524477213621
1.2147985063493252
600
1.488830110989511
1.459393666125834
1.4579401020891964
1.4643403575755656
1.4589311298914254
1.4571554022841156
1.4733109730295837
1.470263831783086
1.4768080576322973
1.4697589064016938
650
1.7745024766772985
1.7468938077799976
1.8233586619608104
1.7451802180148661
1.7651992999017239
1.7504876949824393
1.7468985789455473
1.754408405162394
1.7594683789648116
1.756258422974497
700
2.148549710866064
2.079405559692532
2.157226235140115
2.104216455016285
2.069002602249384
2.0730200023390353
2.0713701699860394
2.076549658086151
2.064846503082663
2.0721258581615984
750
2.4394602081738412
2.4127506744116545
2.4207508699037135
2.4106025588698685
2.4144675540737808
2.4189721369184554
2.421355554834008
2.4332320760004222
2.54967127693817
2.410466445144266
800
2.951829460915178
2.8191877407953143
2.823325268458575
2.8126807059161365
2.859461430925876
2.882540540304035
2.7953733671456575
2.8278223392553627
2.8012166302651167
2.7654870711266994
850
3.2295748540200293
3.2076438469812274
3.237161976285279
3.2039495147764683
3.226171215996146
3.2174096549861133
3.2159699769690633
3.210141503252089
3.1908342549577355
3.3150024716742337
900
3.888946247752756
3.6707458896562457
3.8304034881293774
3.6747555071488023
3.7216506972908974
3.656522423028946
3.6784309376962483
3.777879082132131
3.6861527943983674
3.6699768640100956
950
4.16880372306332
4.293896125163883
4.317366959061474
4.161904354114085
4.232045876793563
4.16708589810878
4.181781284045428
4.248101643286645
4.204307737760246
4.258851865772158
1000
5.004198668058962
4.872218037955463
4.739203128032386
4.808823644183576
4.877737746108323
4.69663518294692
4.719632228836417
4.8457151567563415
4.910870453808457
4.737785518169403
