2
0.029775711242109537
0.02953056199476123
0.030837451107800007
0.03008942911401391
0.029922325164079666
0.029868343845009804
0.03100625704973936
0.03035381529480219
0.030064962804317474
0.030542408116161823
4
0.028998956084251404
0.03085171803832054
0.03074826393276453
0.029759149998426437
0.030029115732759237
0.030219382140785456
0.03031157609075308
0.029796769842505455
0.029474094975739717
0.029629867989569902
6
0.02915910491719842
0.031271986197680235
0.030791315250098705
0.03064129315316677
0.03191411914303899
0.03161377599462867
0.030969438143074512
0.029894432984292507
0.029713474214076996
0.029679620172828436
8
0.0299271447584033
0.029147743713110685
0.03022173698991537
0.030116009060293436
0.03023297805339098
0.029959746170789003
0.03003419516608119
0.029986456036567688
0.029880196787416935
0.02988292183727026
10
0.031160487327724695
0.03121989779174328
0.031007280107587576
0.03142516314983368
0.030738857109099627
0.031062663067132235
0.030941294971853495
0.030281489249318838
0.030201207846403122
0.0301594496704638
12
0.03146017761901021
0.030644420068711042
0.030512572266161442
0.03042066004127264
0.030551886186003685
0.030373923014849424
0.029200132004916668
0.03138864412903786
0.030424376018345356
0.030457839835435152
14
0.02932053804397583
0.03166981087997556
0.03078065486624837
0.03065757406875491
0.030677339993417263
0.03053214866667986
0.03062015399336815
0.030067177023738623
0.03023731615394354
0.02971130982041359
16
0.029771091882139444
0.02967487182468176
0.029615451116114855
0.029407340101897717
0.029340694658458233
0.02945819590240717
0.029423710890114307
0.02970369579270482
0.02984228590503335
0.029960076324641705
18
0.03130003809928894
0.031935790088027716
0.03007418103516102
0.029887089040130377
0.029982367996126413
0.029874556697905064
0.02970636123791337
0.029630219098180532
0.02986500784754753
0.029865048360079527
20
0.030452119186520576
0.030163979157805443
0.030077366158366203
0.029960998333990574
0.03127493057399988
0.03149052616208792
0.031144777312874794
0.03000938892364502
0.03003793302923441
0.030495440121740103
