2
0.1190256685949862
0.11613720515742898
0.11540002329275012
0.11394509579986334
0.11467150831595063
0.11702767387032509
0.11632871394976974
0.1173323760740459
0.11187018733471632
0.11957239406183362
4
0.13909286260604858
0.13577713817358017
0.1280948081985116
0.1329485960304737
0.14139951579272747
0.13079038076102734
0.12491886503994465
0.13356697466224432
0.12870160583406687
0.13206200394779444
6
0.1518853809684515
0.16485183406621218
0.15810593077912927
0.14818783104419708
0.15287351282313466
0.16244068602100015
0.1487593618221581
0.14912114897742867
0.1576226046308875
0.14853116404265165
8
0.1848908164538443
0.18786291684955359
0.19170996733009815
0.17184295924380422
0.17686402006074786
0.17960895597934723
0.17868252890184522
0.18028043396770954
0.18210591608658433
0.18268944881856441
10
0.20625304616987705
0.20666923699900508
0.207044439855963
0.21019959403201938
0.20399170788004994
0.20196386706084013
0.1989349601790309
0.2006011325865984
0.2032645447179675
0.2002157997339964
12
0.22991658095270395
0.25667661894112825
0.23541597928851843
0.23166633024811745
0.243356523104012
0.23413387592881918
0.23211826663464308
0.23844891414046288
0.2315714629366994
0.23682797607034445
14
0.2658951790072024
0.2816777313128114
0.2711504492908716
0.27453937102109194
0.2640681038610637
0.26439955504611135
0.2646701019257307
0.28379694325849414
0.28243330819532275
0.270588796120137
16
0.310498982667923
0.309401866979897
0.3210537270642817
0.3050627443008125
0.3044872651807964
0.30884527415037155
0.30190552584826946
0.30841994704678655
0.30774522200226784
0.3083095089532435
18
0.35911313397809863
0.35008278815075755
0.3575491327792406
0.3591091767884791
0.36049749981611967
0.3734795730561018
0.3624423751607537
0.36655111610889435
0.3568912800401449
0.34555182605981827
20
0.4333518063649535
0.4147875402122736
0.41102129127830267
0.41943623311817646
0.4027630612254143
0.4104305231012404
0.41273977188393474
0.42442919174209237
0.4168475908227265
0.41659347526729107
