2
0.002145612146705389
0.0020495718345046043
0.001995349768549204
0.0018234080635011196
0.001728610135614872
0.0021355929784476757
0.0016310070641338825
0.0018237489275634289
0.0024130730889737606
0.002004265785217285
4
0.002221113070845604
0.002259194850921631
0.0022593853063881397
0.00220780773088336
0.0027639009058475494
0.0025239908136427402
0.002273811958730221
0.00220569409430027
0.002165237907320261
0.002182259690016508
6
0.0026779398322105408
0.00268126605078578
0.0027255890890955925
0.002813963685184717
0.0028155972249805927
0.0026929769665002823
0.0026578018441796303
0.0026212739758193493
0.0026427130214869976
0.002671868074685335
8
0.003325744066387415
0.003257384989410639
0.003237878903746605
0.003214986063539982
0.003154221922159195
0.0037376247346401215
0.0032693990506231785
0.0031835767440497875
0.0031539308838546276
0.0031833467073738575
10
0.0036944649182260036
0.004278961103409529
0.004300219938158989
0.0038520595990121365
0.0037730620242655277
0.004546039737761021
0.004113000351935625
0.0038473508320748806
0.003730412106961012
0.0039930748753249645
12
0.004680141806602478
0.004172421060502529
0.0046341558918356895
0.004417650867253542
0.00424494594335556
0.004475027788430452
0.004352588206529617
0.004465980920940638
0.005453711841255426
0.004521355032920837
14
0.00484306737780571
0.004961819853633642
0.00485963886603713
0.004774178843945265
0.005363834090530872
0.005518805235624313
0.004932375159114599
0.004966148175299168
0.004717221949249506
0.004915683995932341
16
0.0053687626495957375
0.005354656837880611
0.00534303393214941
0.005343826021999121
0.005393399391323328
0.005294134374707937
0.005273895803838968
0.005357071291655302
0.0053270249627530575
0.0054932269267737865
18
0.005888257175683975
0.006790056824684143
0.006370870862156153
0.006996795069426298
0.005981191992759705
0.006032526958733797
0.006048265844583511
0.007067336700856686
0.006787382066249847
0.006583720911294222
20
0.007151124067604542
0.007402184419333935
0.006627141963690519
0.006685871630907059
0.00789515906944871
0.007029647007584572
0.00701631186529994
0.007052279077470303
0.006730145309120417
0.007403065916150808
