2
0.0957112000323832
0.09031288092955947
0.09219486825168133
0.08745399164035916
0.09397805063053966
0.09085328318178654
0.09023618698120117
0.09428420523181558
0.08966997591778636
0.08884368604049087
4
0.09546883497387171
0.09545263415202498
0.0947890100069344
0.09944718237966299
0.09760526940226555
0.0906046568416059
0.09001193568110466
0.09553678194060922
0.0894765630364418
0.09073116490617394
6
0.12565725995227695
0.11714435275644064
0.12511646607890725
0.12493830220773816
0.11822600103914738
0.12057179817929864
0.13034572778269649
0.11984617728739977
0.1199904982931912
0.12189953587949276
8
0.1922630136832595
0.19958219304680824
0.18810418900102377
0.20066302875056863
0.18982611689716578
0.1985779097303748
0.19712814316153526
0.19326476100832224
0.1854045493528247
0.19512986717745662
10
0.46110672038048506
0.4620371637865901
0.48567075189203024
0.47124026343226433
0.46550953201949596
0.46605471428483725
0.4990699370391667
0.46097550401464105
0.47194081684574485
0.4636251498013735
12
1.1983546926639974
1.1969441887922585
1.2702349051833153
1.195079153869301
1.1948721460066736
1.2523313667625189
1.203022473026067
1.194700364023447
1.195294488221407
1.2006156919524074
14
3.972096254117787
4.241020482033491
4.0387827209196985
3.9821207760833204
3.9570900187827647
4.180794246960431
4.081332378089428
4.068054860923439
3.945640510879457
3.9510914790444076
16
15.729069194756448
16.006954316981137
17.234327024780214
16.95732107805088
16.253289910033345
16.822224443778396
16.27892410522327
16.492953795939684
15.984134549740702
16.099696425255388
18
72.51987602375448
72.26814919663593
71.54091374203563
72.49416801985353
71.91447344003245
71.18704933300614
72.2334900982678
72.28848745208234
72.59661639202386
72.25529530318454
20
390.03466669796035
372.05562479188666
379.1866015717387
381.1597936968319
387.2856376301497
373.39308492001146
380.8109309161082
371.401331694331
372.48863375000656
371.6286275652237
