50
0.030531547032296658
0.028437712229788303
0.027170066256076097
0.027890807017683983
0.026884750928729773
0.02557741105556488
0.022294507827609777
0.021473559085279703
0.021818525157868862
0.022050931118428707
100
0.02542082779109478
0.025259464979171753
0.025346678216010332
0.02526654815301299
0.025254616048187017
0.02519810013473034
0.025391872972249985
0.025148747954517603
0.02522469963878393
0.025278038810938597
150
0.029448285698890686
0.029877842403948307
0.029336647130548954
0.02932778000831604
0.029206562787294388
0.02927820710465312
0.029395877849310637
0.029442325234413147
0.029453596100211143
0.02933643665164709
200
0.03412824776023626
0.03413048340007663
0.034144549164921045
0.03405132284387946
0.03400762192904949
0.0330477231182158
0.03489098837599158
0.03439132124185562
0.03408875409513712
0.03407826507464051
250
0.04006535606458783
0.03899130318313837
0.038602013140916824
0.03889712691307068
0.038545006420463324
0.0385516588576138
0.03847615700215101
0.03874185495078564
0.03849508287385106
0.038330234587192535
300
0.04485536506399512
0.04428652813658118
0.044158739037811756
0.04380101803690195
0.04420036682859063
0.0420858240686357
0.0443114647641778
0.042773250956088305
0.04258088115602732
0.045159074012190104
350
0.050486930180341005
0.049127351958304644
0.04905014717951417
0.04904984589666128
0.04900725604966283
0.04894631216302514
0.04892051499336958
0.04906770959496498
0.048967891838401556
0.04894975805655122
400
0.05455141793936491
0.05399500485509634
0.05416059587150812
0.05500066000968218
0.05405162088572979
0.05398384388536215
0.05412265378981829
0.054597924929112196
0.05453717103227973
0.05256036715582013
450
0.060850244015455246
0.060737492982298136
0.05842731334269047
0.060111379250884056
0.059667947702109814
0.05951745621860027
0.05955696105957031
0.05944280605763197
0.05955662997439504
0.05989001505076885
500
0.06593617703765631
0.06631578877568245
0.06602305034175515
0.06549280602484941
0.06471305526793003
0.06443218793720007
0.06451537413522601
0.06438384763896465
0.06440502684563398
0.06431685201823711
550
0.07251269416883588
0.07109189126640558
0.07195275370031595
0.07063536532223225
0.07031398313120008
0.07006137911230326
0.07008696813136339
0.07024352066218853
0.07026845682412386
0.06836225371807814
600
0.07708122674375772
0.07722549792379141
0.07481852592900395
0.0780749786645174
0.07743716379627585
0.07679272582754493
0.07636285992339253
0.0763578712940216
0.07633611978963017
0.07634794292971492
650
0.08449821919202805
0.08251801785081625
0.0814033979550004
0.08132653404027224
0.08188572200015187
0.08086731284856796
0.08083711704239249
0.08129097800701857
0.08105286117643118
0.07848320389166474
700
0.0888718469068408
0.08736931998282671
0.08964681904762983
0.08795495796948671
0.08728888910263777
0.08734849095344543
0.08743415074422956
0.08721004240214825
0.08721956983208656
0.08722545020282269
750
0.09498679917305708
0.08939644927158952
0.09306305320933461
0.0890881922096014
0.08979863440617919
0.08882525889202952
0.08828805154189467
0.09349843859672546
0.08932569669559598
0.08920988021418452
800
0.0994130838662386
0.09318242641165853
0.09251780109480023
0.09211938409134746
0.09916424890980124
0.09212451288476586
0.09852383797988296
0.09318409860134125
0.09289631014689803
0.09280298510566354
850
0.10579213127493858
0.09896742971614003
0.09829495940357447
0.0987440007738769
0.0992304622195661
0.09845935693010688
0.10034323763102293
0.0990802301093936
0.10000197822228074
0.09968873066827655
900
0.11858342587947845
0.1050836630165577
0.10471284808591008
0.10328363860026002
0.10565163800492883
0.10427269292995334
0.1038976302370429
0.10291783418506384
0.10314864572137594
0.10288851894438267
950
0.11774324113503098
0.10995449312031269
0.10846374882385135
0.10820230888202786
0.10823995899409056
0.10829313891008496
0.10860094614326954
0.11639590607956052
0.11143891513347626
0.1088406452909112
1000
0.12277022376656532
0.11473302962258458
0.11406449694186449
0.11433708667755127
0.11380006093531847
0.1138319605961442
0.11368912179023027
0.11388728488236666
0.1139631662517786
0.11381932720541954
