50
0.07055439287796617
0.07911319611594081
0.07299477700144053
0.076149330008775
0.07446969207376242
0.0720734209753573
0.0773572139441967
0.07723401393741369
0.07365384278818965
0.07410129206255078
100
0.08804521709680557
0.08750967308878899
0.08573607867583632
0.08945087203755975
0.0920407259836793
0.09086206695064902
0.09169221390038729
0.0857192580588162
0.08701746119186282
0.09017708292230964
150
0.1054370659403503
0.10461835097521544
0.10299710324034095
0.1021397546865046
0.10786091908812523
0.10368534177541733
0.10977353435009718
0.10814151400700212
0.10877157468348742
0.12529569678008556
200
0.12904601730406284
0.13073006412014365
0.12488108035176992
0.1267493017949164
0.12666430324316025
0.12921223929151893
0.1303202249109745
0.13022952573373914
0.13155179331079125
0.12705624708905816
250
0.15200683381408453
0.15674966294318438
0.15928592719137669
0.15731655480340123
0.16000254033133388
0.15849037608131766
0.15313620027154684
0.15061606699600816
0.16260591987520456
0.15840385388582945
300
0.19059521239250898
0.20162405306473374
0.19817238394171
0.1947082309052348
0.1891221203841269
0.198449713177979
0.18877377780154347
0.1888264468871057
0.20344474585726857
0.20450720796361566
350
0.2382846879772842
0.2686895071528852
0.23704929230734706
0.22834310494363308
0.23726318404078484
0.23289021709933877
0.22810738300904632
0.23483190592378378
0.23498342093080282
0.23241116013377905
400
0.29095765575766563
0.283648616168648
0.2783408579416573
0.28910781908780336
0.27691444382071495
0.28048901399597526
0.2789228190667927
0.28492541890591383
0.2786457487381995
0.2892176448367536
450
0.33960873540490866
0.33113568276166916
0.3411362082697451
0.34640773897990584
0.33847440918907523
0.35267418483272195
0.3291222397238016
0.3394969957880676
0.34531279606744647
0.3386294199153781
500
0.383265333250165
0.40442041493952274
0.39295137813314795
0.38755936082452536
0.3925903309136629
0.38252950366586447
0.38535447930917144
0.4079338298179209
0.39329491229727864
0.40830655908212066
550
0.45934906089678407
0.48052998073399067
0.46899004094302654
0.4692304921336472
0.4676084411330521
0.47100057918578386
0.46794556407257915
0.4644140540622175
0.47655866807326674
0.4748473400250077
600
0.5428821509703994
0.517051856033504
0.5434326329268515
0.5485051199793816
0.5652496358379722
0.5430271727964282
0.5431599318981171
0.5351054240018129
0.5519594261422753
0.5515675810165703
650
0.6404573218896985
0.6288690902292728
0.6319799008779228
0.6263512619771063
0.6387619841843843
0.629743569996208
0.6237325328402221
0.6141293942928314
0.6148022748529911
0.6099324971437454
700
0.6872185692191124
0.7114099417813122
0.7090719901025295
0.6954184379428625
0.721301952842623
0.7206252650357783
0.7111880257725716
0.7082974282093346
0.7092782161198556
0.6927838199771941
750
0.7820951505564153
0.8152243969962001
0.7769947811029851
0.8119898247532547
0.8077737023122609
0.7834096751175821
0.7966852481476963
0.7989224623888731
0.8167411210015416
0.8045850759372115
800
0.9049830571748316
0.8737511769868433
0.8982217437587678
0.8830714179202914
0.8812504336237907
0.8989567616954446
0.9202733570709825
0.9097523172385991
0.8692981912754476
0.871000261977315
850
0.9774024868384004
0.9787908187136054
0.9986038161441684
1.0284597259014845
1.0271156369708478
0.9669613768346608
0.9820454400032759
1.0370556889101863
0.9826783272437751
1.0007648980244994
900
1.0702761770226061
1.1181904347613454
1.1218251781538129
1.0866959439590573
1.0941316708922386
1.0698934397660196
1.0906385728158057
1.115729303099215
1.1320456052199006
1.0879033873789012
950
1.1970779891125858
1.25409001018852
1.1909669050946832
1.1971933958120644
1.188266193959862
1.2296649189665914
1.1843081549741328
1.1962925679981709
1.2113586571067572
1.1840350329875946
1000
1.292293056845665
1.3233509208075702
1.3077799947932363
1.337600288912654
1.3641979326494038
1.311988202854991
1.363531535025686
1.3113588537089527
1.3032444957643747
1.3504447960294783
