50
0.0024728146381676197
0.0025236099027097225
0.0024534091353416443
0.0019804518669843674
0.002078827004879713
0.002436587121337652
0.0021801162511110306
0.0020350050181150436
0.00196409085765481
0.0019006221555173397
100
0.0030686124227941036
0.003238480072468519
0.0030195899307727814
0.0030336962081491947
0.003017946146428585
0.003244170919060707
0.0030582519248127937
0.00313565693795681
0.0032152971252799034
0.003128394018858671
150
0.0045505790039896965
0.0041554090566933155
0.0042373016476631165
0.004118469078093767
0.004177188966423273
0.004182959906756878
0.004040874075144529
0.004076350014656782
0.004337901249527931
0.004263721872121096
200
0.004961488768458366
0.005219392944127321
0.005502013023942709
0.00548728508874774
0.0051027038134634495
0.004814895335584879
0.0051734065636992455
0.005295426119118929
0.005414048209786415
0.005662533920258284
250
0.006123056635260582
0.0063178520649671555
0.006595021113753319
0.006264932919293642
0.006203347817063332
0.0064292908646166325
0.0066449749283492565
0.006120762322098017
0.006627060938626528
0.006292673759162426
300
0.00753414211794734
0.0074410769157111645
0.007795331068336964
0.008153873030096292
0.007419175934046507
0.007539041340351105
0.007322485093027353
0.00761994207277894
0.007812994066625834
0.007507171016186476
350
0.008700257632881403
0.008894461672753096
0.009061174001544714
0.008601822890341282
0.008516834117472172
0.008647448848932981
0.008644171990454197
0.009280615020543337
0.008627571165561676
0.008423638995736837
400
0.010795765090733767
0.010819199029356241
0.009614250622689724
0.010433565825223923
0.010411935858428478
0.009557433892041445
0.009561080951243639
0.010477619245648384
0.009730569086968899
0.009547785855829716
450
0.010624733753502369
0.010462240315973759
0.01065045315772295
0.01055365102365613
0.010353064630180597
0.010364977642893791
0.010476978030055761
0.010574300307780504
0.011075588874518871
0.010542721021920443
500
0.01145316706970334
0.01187504781410098
0.011789998970925808
0.0114511139690876
0.01150427432730794
0.011875960044562817
0.011874796822667122
0.011714106891304255
0.011720769107341766
0.012079721316695213
550
0.01320365909487009
0.013732740189880133
0.01304665394127369
0.013208557851612568
0.012759206350892782
0.013697524089366198
0.013455170206725597
0.013516404200345278
0.013495304621756077
0.012676811311393976
600
0.013839119113981724
0.013448616955429316
0.014030347112566233
0.013763518072664738
0.01403605891391635
0.013757767155766487
0.013578300829976797
0.013560457155108452
0.013735345099121332
0.013725296128541231
650
0.014702999033033848
0.014828473795205355
0.015020454302430153
0.015652779024094343
0.01478561433032155
0.01409489894285798
0.014158137142658234
0.015482540242373943
0.015038878191262484
0.014591719955205917
700
0.01559027237817645
0.01588906068354845
0.016200624871999025
0.014974877703934908
0.016703708097338676
0.020418642088770866
0.01571119809523225
0.015574542805552483
0.01556543493643403
0.01619784999638796
750
0.01661400031298399
0.016603732015937567
0.016606376972049475
0.01814361708238721
0.017771750688552856
0.01695885695517063
0.017329201102256775
0.016963656060397625
0.016942125745117664
0.01673983596265316
800
0.01816614018753171
0.018454189877957106
0.018302706070244312
0.01771508390083909
0.018183402251452208
0.018669323064386845
0.01782832620665431
0.017339569982141256
0.019198494032025337
0.017926791217178106
850
0.020116786006838083
0.018661487847566605
0.019756511319428682
0.0197036718018353
0.019042513333261013
0.019408248364925385
0.02018073620274663
0.019460435956716537
0.018765953835099936
0.01875478308647871
900
0.0206738100387156
0.020868945866823196
0.02058619586750865
0.019845358096063137
0.021643707994371653
0.02041857084259391
0.020213167183101177
0.02031923597678542
0.020005717873573303
0.020132926292717457
950
0.0227304152213037
0.02293505799025297
0.021837010979652405
0.021529032848775387
0.02144069690257311
0.021228279918432236
0.021910037379711866
0.02162116626277566
0.020734793972223997
0.021478588692843914
1000
0.022323391865938902
0.022692753933370113
0.023084287997335196
0.023075050674378872
0.02249584486708045
0.022959494963288307
0.02208174904808402
0.022451722994446754
0.02232662821188569
0.022050841245800257
