50
0.03318803710862994
0.03264195332303643
0.030143109150230885
0.02890317514538765
0.02981828013435006
0.02912081265822053
0.02830485301092267
0.02923371409997344
0.0282353931106627
0.028457660228013992
100
0.029547442216426134
0.03458593599498272
0.03390044113621116
0.03243694780394435
0.033544124104082584
0.03209937596693635
0.03436909103766084
0.03090630890801549
0.03252296010032296
0.030126428231596947
150
0.03155358321964741
0.033697651233524084
0.03007362876087427
0.03347525419667363
0.033327868673950434
0.03256792388856411
0.029661756940186024
0.029406489338725805
0.02854198683053255
0.028802294749766588
200
0.028860784601420164
0.03431881591677666
0.029625678900629282
0.033216028939932585
0.03388146637007594
0.031930678989738226
0.03209764277562499
0.029222413897514343
0.031591403763741255
0.03136459877714515
250
0.028834596276283264
0.03266885317862034
0.02804681984707713
0.030119825154542923
0.029544877354055643
0.029253631364554167
0.029947623144835234
0.029395497404038906
0.029712841846048832
0.028383661061525345
300
0.03005836997181177
0.031557039357721806
0.03171457489952445
0.02985639125108719
0.027582679875195026
0.02983284741640091
0.030363651923835278
0.028120336588472128
0.02861982397735119
0.029971668031066656
350
0.03074905462563038
0.032677870243787766
0.02910175733268261
0.029293636791408062
0.030279303900897503
0.030662922654300928
0.029482660815119743
0.030109476298093796
0.029144657775759697
0.02966250805184245
400
0.029810496140271425
0.030894987750798464
0.028997321147471666
0.0320237148553133
0.030008978210389614
0.030388249084353447
0.03079249570146203
0.029394705779850483
0.030384161043912172
0.029245956800878048
450
0.030342864338308573
0.032291114795953035
0.031166357453912497
0.03129782294854522
0.030241061933338642
0.028511359822005033
0.030525996815413237
0.030422011855989695
0.029485085979104042
0.030949741136282682
500
0.03221616381779313
0.03362428396940231
0.02946532890200615
0.03048619208857417
0.029649935197085142
0.03200370725244284
0.030020660255104303
0.029493742156773806
0.03139273077249527
0.03150437958538532
550
0.03297857381403446
0.03361085895448923
0.030245351139456034
0.030855904798954725
0.02987904381006956
0.02906771283596754
0.02995698992162943
0.029281222727149725
0.030236324295401573
0.029881668742746115
600
0.03182935016229749
0.032375944312661886
0.029303363990038633
0.02913454920053482
0.030129163060337305
0.029886658769100904
0.03010103991255164
0.030583525076508522
0.030961181968450546
0.03097954671829939
650
0.031623913906514645
0.03531442163512111
0.032652642112225294
0.030662082135677338
0.029651688411831856
0.03160553006455302
0.03143482143059373
0.03262272709980607
0.03104351693764329
0.03147441381588578
700
0.03171386290341616
0.03506394289433956
0.031098089180886745
0.031003843061625957
0.029267518315464258
0.031532193068414927
0.03193447692319751
0.03205036371946335
0.030808405950665474
0.03027123911306262
750
0.03209787327796221
0.033684706781059504
0.03206501202657819
0.03177239280194044
0.030816371086984873
0.03127351775765419
0.03203572612255812
0.03108730912208557
0.03160260384902358
0.031654952093958855
800
0.03319454798474908
0.03372949082404375
0.03323769895359874
0.031110572163015604
0.029798282776027918
0.030766217038035393
0.032129372004419565
0.03134965104982257
0.03069608611986041
0.03188549540936947
850
0.03256262373179197
0.034074217081069946
0.03172472398728132
0.03191992873325944
0.031875547021627426
0.03192921681329608
0.03146644914522767
0.03216434735804796
0.03223116276785731
0.033158230129629374
900
0.03354949317872524
0.034168694633990526
0.032342100981622934
0.03244202770292759
0.03231392800807953
0.03224441688507795
0.031667064875364304
0.031848455779254436
0.030989354941993952
0.031665563117712736
950
0.0315940179862082
0.03476509219035506
0.031038356944918633
0.029772053938359022
0.02956922398880124
0.030090651009231806
0.03226359374821186
0.031072351150214672
0.030317424796521664
0.03128413762897253
1000
0.034002101980149746
0.03421812830492854
0.033305506221950054
0.03239856706932187
0.033599516842514277
0.03260322008281946
0.03177172178402543
0.03253899002447724
0.03258510585874319
0.03196102660149336
